1154 9650 4 75 0 1 0
1068 9736 3 68 0 3 0
1096 9708 3 62 0 22 0
1032 9772 3 52 0 7 0
1070 9734 3 61 0 12 0
1108 9696 4 57 1 0 0
1156 9648 4 69 0 11 0
998 9806 3 101 0 6 0
1044 9760 3 65 0 2 0
1078 9726 3 52 0 5 0
1162 9642 4 80 0 9 0
1132 9672 3 88 1 0 0
1034 9770 3 48 0 22 0
1006 9798 4 79 0 2 0
1010 9794 3 72 0 3 0
1240 9564 5 45 0 17 0
1062 9742 3 67 0 5 0
1022 9782 3 69 0 8 0
1046 9758 4 86 0 1 0
1090 9714 3 79 0 4 0
1068 9736 3 51 0 21 0
1118 9686 3 60 0 7 0
1104 9700 3 71 0 16 0
1038 9766 3 80 0 1 0
1122 9682 4 59 0 9 0
1130 9674 3 86 0 10 0
1074 9730 3 66 0 3 0
1064 9740 4 79 0 2 0
1070 9734 4 66 1 0 0
1016 9788 3 71 0 5 0
1136 9668 3 59 0 2 0
1116 9688 3 66 0 9 0
1130 9674 3 64 0 31 0
1032 9772 3 70 0 1 0
1080 9724 4 77 0 18 0
1072 9732 3 84 0 5 0
1032 9772 4 65 0 22 0
1080 9724 4 54 0 38 0
1086 9718 4 54 0 3 0
1040 9764 3 59 1 0 0
1126 9678 3 58 0 3 0
1048 9756 3 59 0 2 0
1120 9684 3 57 0 12 0
1070 9734 3 56 0 23 0
1128 9676 4 54 0 34 0
1008 9796 5 60 0 11 0
1024 9780 4 50 0 8 0
1078 9726 4 76 0 1 0
1034 9770 3 52 0 26 0
1168 9636 3 64 1 0 0
1084 9720 4 69 0 39 0
1088 9716 3 59 0 22 0
1082 9722 3 51 0 1 0
1098 9706 5 73 0 7 0
1020 9784 5 74 0 2 0
1068 9736 3 65 0 8 0
1100 9704 3 53 0 11 0
1134 9670 4 56 1 0 0
1072 9732 4 67 0 23 0
1058 9746 3 75 0 3 0
1148 9656 3 81 0 8 0
1054 9750 4 64 0 5 0
1052 9752 3 56 2 0 0
1148 9656 4 47 0 4 0
1086 9718 6 56 0 30 0
1100 9704 3 67 0 10 0
1032 9772 3 81 0 2 0
1060 9744 4 57 0 7 0
1064 9740 3 77 0 3 0
1060 9744 4 55 0 17 0
1110 9694 3 69 0 5 0
1170 9634 3 61 0 22 0
1024 9780 4 66 0 6 0
1004 9800 3 62 0 9 0
1002 9802 3 60 0 11 0
1196 9608 3 51 0 2 0
1040 9764 3 55 1 0 0
1118 9686 4 67 0 1 0
1108 9696 3 75 0 4 0
1032 9772 3 57 0 18 0
1074 9730 4 86 0 14 0
1060 9744 4 53 4 0 0
1022 9782 3 73 0 24 0
1086 9718 3 59 0 22 0
1002 9802 3 56 0 4 0
1172 9632 4 53 0 47 0
1190 9614 4 74 0 21 0
1134 9670 3 79 0 9 0
982 9822 4 93 0 6 0
1082 9722 4 79 0 7 0
1074 9730 3 57 1 0 0
1136 9668 3 65 0 13 0
1074 9730 3 73 0 40 0
1090 9714 3 69 0 7 0
1054 9750 5 69 0 3 0
1124 9680 4 63 0 17 0
1008 9796 4 67 0 11 0
1058 9746 3 59 0 18 0
1052 9752 3 82 0 2 0
1134 9670 4 54 0 1 0
